0 2a 36 2feee4 0 -1 0 0 0
1 2a 3d 202c7 0 -1 0 0 0
2 1 36 2feee4 0 2feee4 1 0 0
3 1 36 2feee4 0 2feee4 1 1 2
4 1 36 2feee4 0 2feee4 1 1 3
5 1 36 2feee4 0 2feee4 1 1 4
6 2a 5 202b8 0 -1 0 0 0
7 2a 35 2feee4 0 -1 0 0 0
8 2a 12 202b8 0 -1 0 0 0
9 1 35 2feee4 0 2feee4 1 0 7
10 1 35 2feee4 0 2feee4 1 1 9
11 1 35 2feee4 0 2feee4 1 1 10
12 1 35 2feee4 0 2feee4 1 1 11
13 2a 38 2feee4 0 -1 0 0 0
14 1 38 2feee4 0 2feee4 1 0 13
15 1 38 2feee4 0 2feee4 1 1 14
16 1 35 2feee4 0 2feee4 1 1 12
17 1 36 2feee4 0 2feee4 1 1 5
18 1 3d 202c7 0 202c7 1 0 1
19 1 36 2feee4 0 2feee4 1 1 17
20 1 36 2feee4 0 2feee4 1 1 19
21 1 36 2feee4 0 2feee4 1 1 20
22 1 36 2feee4 0 2feee4 1 1 21
23 2a 2 202b8 0 -1 0 0 0
24 1 35 2feee4 0 2feee4 1 1 16
25 1 12 202b8 0 202b8 1 0 8
26 1 36 2feee4 0 2feee4 1 1 22
27 1 35 2feee4 0 2feee4 1 1 24
28 2a 4 202c9 0 -1 0 0 0
29 1 36 2feee4 0 2feee4 1 1 26
30 1 35 2feee4 0 2feee4 1 1 27
31 1 38 2feee4 0 2feee4 1 1 15
32 1 38 2feee4 0 2feee4 1 1 31
33 1 38 2feee4 0 2feee4 1 1 32
34 1 35 2feee4 0 2feee4 1 1 30
35 1 36 2feee4 0 2feee4 1 1 29
36 1 3d 202c7 0 202c7 1 0 18
37 1 36 2feee4 0 2feee4 1 1 35
38 1 36 2feee4 0 2feee4 1 1 37
39 1 36 2feee4 0 2feee4 1 1 38
40 1 36 2feee4 0 2feee4 1 1 39
41 2a 4 202b8 1 -1 0 0 0
42 1 35 2feee4 0 2feee4 1 1 34
43 1 12 202b8 0 202b8 1 0 25
44 1 35 2feee4 0 2feee4 1 1 42
45 1 35 2feee4 0 2feee4 1 1 44
46 1 35 2feee4 0 2feee4 1 1 45
47 1 35 2feee4 0 2feee4 1 1 46
48 1 38 2feee4 0 2feee4 1 1 33
49 1 38 2feee4 0 2feee4 1 1 48
50 1 38 2feee4 0 2feee4 1 1 49
51 1 35 2feee4 0 2feee4 1 1 47
52 1 36 2feee4 0 2feee4 1 1 40
53 1 3d 202c7 0 202c7 1 0 36
54 1 36 2feee4 0 2feee4 1 1 52
55 1 36 2feee4 0 2feee4 1 1 54
56 1 36 2feee4 0 2feee4 1 1 55
57 1 36 2feee4 0 2feee4 1 1 56
58 1 2 202b8 0 202b8 1 0 23
59 1 35 2feee4 0 2feee4 1 1 51
60 1 12 202b8 0 202b8 1 0 43
61 1 36 2feee4 0 2feee4 1 1 57
62 1 35 2feee4 0 2feee4 1 1 59
63 1 4 202c9 0 202c9 1 1 28
64 1 36 2feee4 0 2feee4 1 1 61
65 1 35 2feee4 0 2feee4 1 1 62
66 1 38 2feee4 0 2feee4 1 1 50
67 1 38 2feee4 0 2feee4 1 1 66
68 1 38 2feee4 0 2feee4 1 1 67
69 1 35 2feee4 0 2feee4 1 1 65
70 1 36 2feee4 0 2feee4 1 1 64
71 2a 3e 202c7 0 -1 0 0 0
72 1 36 2feee4 0 2feee4 1 1 70
73 1 36 2feee4 0 2feee4 1 1 72
74 1 36 2feee4 0 2feee4 1 1 73
75 1 36 2feee4 0 2feee4 1 1 74
76 1 4 202b8 1 202b8 1 0 41
77 1 35 2feee4 0 2feee4 1 1 69
78 2a 11 202b8 0 -1 0 0 0
79 1 35 2feee4 0 2feee4 1 1 77
80 1 35 2feee4 0 2feee4 1 1 79
81 1 35 2feee4 0 2feee4 1 1 80
82 1 35 2feee4 0 2feee4 1 1 81
83 1 38 2feee4 0 2feee4 1 1 68
84 1 38 2feee4 0 2feee4 1 1 83
85 1 38 2feee4 0 2feee4 1 1 84
86 1 35 2feee4 0 2feee4 1 1 82
87 1 36 2feee4 0 2feee4 1 1 75
88 1 3e 202c7 0 202c7 1 0 71
89 1 36 2feee4 0 2feee4 1 1 87
90 1 36 2feee4 0 2feee4 1 1 89
91 1 36 2feee4 0 2feee4 1 1 90
92 1 36 2feee4 0 2feee4 1 1 91
93 2a 3 202b8 0 -1 0 0 0
94 1 35 2feee4 0 2feee4 1 1 86
95 1 12 202b8 0 202b8 1 0 60
96 1 36 2feee4 0 2feee4 1 1 92
97 1 35 2feee4 0 2feee4 1 1 94
98 1 4 202c9 0 202c9 1 1 63
99 1 36 2feee4 0 2feee4 1 1 96
100 1 35 2feee4 0 2feee4 1 1 97
101 1 38 2feee4 0 2feee4 1 1 85
102 1 38 2feee4 0 2feee4 1 1 101
103 1 38 2feee4 0 2feee4 1 1 102
104 1 35 2feee4 0 2feee4 1 1 100
105 1 36 2feee4 0 2feee4 1 1 99
106 1 3e 202c7 0 202c7 1 0 88
107 1 36 2feee4 0 2feee4 1 1 105
108 1 36 2feee4 0 2feee4 1 1 107
109 1 36 2feee4 0 2feee4 1 1 108
110 1 36 2feee4 0 2feee4 1 1 109
111 1 4 202b8 1 202b8 1 0 76
112 1 35 2feee4 0 2feee4 1 1 104
113 1 12 202b8 0 202b8 1 0 95
114 1 35 2feee4 0 2feee4 1 1 112
115 1 35 2feee4 0 2feee4 1 1 114
116 1 35 2feee4 0 2feee4 1 1 115
117 1 35 2feee4 0 2feee4 1 1 116
118 1 38 2feee4 0 2feee4 1 1 103
119 1 38 2feee4 0 2feee4 1 1 118
120 1 38 2feee4 0 2feee4 1 1 119
121 1 35 2feee4 0 2feee4 1 1 117
122 1 36 2feee4 0 2feee4 1 1 110
123 1 3e 202c7 0 202c7 1 0 106
124 1 36 2feee4 0 2feee4 1 1 122
125 1 36 2feee4 0 2feee4 1 1 124
126 1 36 2feee4 0 2feee4 1 1 125
127 1 36 2feee4 0 2feee4 1 1 126
128 1 2 202b8 0 202b8 1 0 58
129 1 35 2feee4 0 2feee4 1 1 121
130 1 11 202b8 0 202b8 1 0 78
131 1 36 2feee4 0 2feee4 1 1 127
132 1 35 2feee4 0 2feee4 1 1 129
133 1 4 202c9 0 202c9 1 1 98
134 1 36 2feee4 0 2feee4 1 1 131
135 1 35 2feee4 0 2feee4 1 1 132
136 1 38 2feee4 0 2feee4 1 1 120
137 1 38 2feee4 0 2feee4 1 1 136
138 1 38 2feee4 0 2feee4 1 1 137
139 1 35 2feee4 0 2feee4 1 1 135
140 1 36 2feee4 0 2feee4 1 1 134
141 1 3e 202c7 0 202c7 1 0 123
142 1 36 2feee4 0 2feee4 1 1 140
143 1 36 2feee4 0 2feee4 1 1 142
144 1 36 2feee4 0 2feee4 1 1 143
145 1 36 2feee4 0 2feee4 1 1 144
146 1 4 202b8 1 202b8 1 0 111
147 1 35 2feee4 0 2feee4 1 1 139
148 1 11 202b8 0 202b8 1 0 130
149 1 35 2feee4 0 2feee4 1 1 147
150 1 35 2feee4 0 2feee4 1 1 149
151 1 35 2feee4 0 2feee4 1 1 150
152 1 35 2feee4 0 2feee4 1 1 151
153 1 38 2feee4 0 2feee4 1 1 138
154 1 38 2feee4 0 2feee4 1 1 153
155 1 38 2feee4 0 2feee4 1 1 154
156 1 35 2feee4 0 2feee4 1 1 152
157 1 36 2feee4 0 2feee4 1 1 145
158 1 3e 202c7 0 202c7 1 0 141
159 1 36 2feee4 0 2feee4 1 1 157
160 1 36 2feee4 0 2feee4 1 1 159
161 1 36 2feee4 0 2feee4 1 1 160
162 1 36 2feee4 0 2feee4 1 1 161
163 1 2 202b8 0 202b8 1 0 128
164 1 35 2feee4 0 2feee4 1 1 156
165 1 11 202b8 0 202b8 1 0 148
166 1 36 2feee4 0 2feee4 1 1 162
167 1 35 2feee4 0 2feee4 1 1 164
168 1 4 202c9 0 202c9 1 1 133
169 1 36 2feee4 0 2feee4 1 1 166
170 1 35 2feee4 0 2feee4 1 1 167
171 1 38 2feee4 0 2feee4 1 1 155
172 1 38 2feee4 0 2feee4 1 1 171
173 1 38 2feee4 0 2feee4 1 1 172
174 1 35 2feee4 0 2feee4 1 1 170
175 1 36 2feee4 0 2feee4 1 1 169
176 1 3e 202c7 0 202c7 1 0 158
177 1 36 2feee4 0 2feee4 1 1 175
178 1 36 2feee4 0 2feee4 1 1 177
179 1 36 2feee4 0 2feee4 1 1 178
180 1 36 2feee4 0 2feee4 1 1 179
181 1 4 202b8 1 202b8 1 0 146
182 1 35 2feee4 0 2feee4 1 1 174
183 1 11 202b8 0 202b8 1 0 165
184 1 35 2feee4 0 2feee4 1 1 182
185 1 35 2feee4 0 2feee4 1 1 184
186 1 35 2feee4 0 2feee4 1 1 185
187 1 35 2feee4 0 2feee4 1 1 186
188 1 38 2feee4 0 2feee4 1 1 173
189 1 38 2feee4 0 2feee4 1 1 188
190 1 38 2feee4 0 2feee4 1 1 189
191 1 35 2feee4 0 2feee4 1 1 187
192 1 36 2feee4 0 2feee4 1 1 180
193 1 3e 202c7 0 202c7 1 0 176
194 1 36 2feee4 0 2feee4 1 1 192
195 1 36 2feee4 0 2feee4 1 1 194
196 1 36 2feee4 0 2feee4 1 1 195
197 1 36 2feee4 0 2feee4 1 1 196
198 1 3 202b8 0 202b8 1 0 93
199 1 35 2feee4 0 2feee4 1 1 191
200 1 11 202b8 0 202b8 1 0 183
201 1 36 2feee4 0 2feee4 1 1 197
202 1 35 2feee4 0 2feee4 1 1 199
203 1 4 202c9 0 202c9 1 1 168
204 1 36 2feee4 0 2feee4 1 1 201
205 1 35 2feee4 0 2feee4 1 1 202
206 1 38 2feee4 0 2feee4 1 1 190
207 1 38 2feee4 0 2feee4 1 1 206
208 1 38 2feee4 0 2feee4 1 1 207
209 1 35 2feee4 0 2feee4 1 1 205
210 1 36 2feee4 0 2feee4 1 1 204
211 2a 3f 202c7 0 -1 0 0 0
212 1 36 2feee4 0 2feee4 1 1 210
213 1 36 2feee4 0 2feee4 1 1 212
214 1 36 2feee4 0 2feee4 1 1 213
215 1 36 2feee4 0 2feee4 1 1 214
216 1 4 202b8 1 202b8 1 0 181
217 1 35 2feee4 0 2feee4 1 1 209
218 1 11 202b8 0 202b8 1 0 200
219 1 35 2feee4 0 2feee4 1 1 217
220 1 35 2feee4 0 2feee4 1 1 219
221 1 35 2feee4 0 2feee4 1 1 220
222 1 35 2feee4 0 2feee4 1 1 221
223 1 38 2feee4 0 2feee4 1 1 208
224 1 38 2feee4 0 2feee4 1 1 223
225 1 38 2feee4 0 2feee4 1 1 224
226 1 35 2feee4 0 2feee4 1 1 222
227 1 36 2feee4 0 2feee4 1 1 215
228 1 3f 202c7 0 202c7 1 0 211
229 1 36 2feee4 0 2feee4 1 1 227
230 1 36 2feee4 0 2feee4 1 1 229
231 1 36 2feee4 0 2feee4 1 1 230
232 1 36 2feee4 0 2feee4 1 1 231
233 1 2 202b8 0 202b8 1 0 163
234 1 35 2feee4 0 2feee4 1 1 226
235 1 11 202b8 0 202b8 1 0 218
236 1 36 2feee4 0 2feee4 1 1 232
237 1 35 2feee4 0 2feee4 1 1 234
238 1 4 202c9 0 202c9 1 1 203
239 1 36 2feee4 0 2feee4 1 1 236
240 1 35 2feee4 0 2feee4 1 1 237
241 1 38 2feee4 0 2feee4 1 1 225
242 1 38 2feee4 0 2feee4 1 1 241
243 1 38 2feee4 0 2feee4 1 1 242
244 1 35 2feee4 0 2feee4 1 1 240
245 1 36 2feee4 0 2feee4 1 1 239
246 1 3f 202c7 0 202c7 1 0 228
247 1 36 2feee4 0 2feee4 1 1 245
248 1 36 2feee4 0 2feee4 1 1 247
249 1 36 2feee4 0 2feee4 1 1 248
250 1 36 2feee4 0 2feee4 1 1 249
251 1 4 202b8 1 202b8 1 0 216
252 1 35 2feee4 0 2feee4 1 1 244
253 2a 10 202b8 0 -1 0 0 0
254 1 35 2feee4 0 2feee4 1 1 252
255 1 35 2feee4 0 2feee4 1 1 254
256 1 35 2feee4 0 2feee4 1 1 255
257 1 35 2feee4 0 2feee4 1 1 256
258 1 38 2feee4 0 2feee4 1 1 243
259 1 38 2feee4 0 2feee4 1 1 258
260 1 38 2feee4 0 2feee4 1 1 259
261 1 35 2feee4 0 2feee4 1 1 257
262 1 36 2feee4 0 2feee4 1 1 250
263 1 3f 202c7 0 202c7 1 0 246
264 1 36 2feee4 0 2feee4 1 1 262
265 1 36 2feee4 0 2feee4 1 1 264
266 1 36 2feee4 0 2feee4 1 1 265
267 1 36 2feee4 0 2feee4 1 1 266
268 1 2 202b8 0 202b8 1 0 233
269 1 35 2feee4 0 2feee4 1 1 261
270 1 10 202b8 0 202b8 1 0 253
271 1 36 2feee4 0 2feee4 1 1 267
272 1 35 2feee4 0 2feee4 1 1 269
273 1 4 202c9 0 202c9 1 1 238
274 1 36 2feee4 0 2feee4 1 1 271
275 1 35 2feee4 0 2feee4 1 1 272
276 1 38 2feee4 0 2feee4 1 1 260
277 1 38 2feee4 0 2feee4 1 1 276
278 1 38 2feee4 0 2feee4 1 1 277
279 1 35 2feee4 0 2feee4 1 1 275
280 1 36 2feee4 0 2feee4 1 1 274
281 1 3f 202c7 0 202c7 1 0 263
282 1 36 2feee4 0 2feee4 1 1 280
283 1 36 2feee4 0 2feee4 1 1 282
284 1 36 2feee4 0 2feee4 1 1 283
285 1 36 2feee4 0 2feee4 1 1 284
286 1 5 202b8 0 202b8 1 0 6
287 1 35 2feee4 0 2feee4 1 1 279
288 1 11 202b8 0 202b8 1 0 235
289 1 35 2feee4 0 2feee4 1 1 287
290 1 35 2feee4 0 2feee4 1 1 289
291 1 35 2feee4 0 2feee4 1 1 290
292 1 35 2feee4 0 2feee4 1 1 291
293 1 38 2feee4 0 2feee4 1 1 278
294 1 38 2feee4 0 2feee4 1 1 293
295 1 38 2feee4 0 2feee4 1 1 294
296 1 35 2feee4 0 2feee4 1 1 292
297 1 36 2feee4 0 2feee4 1 1 285
298 1 3f 202c7 0 202c7 1 0 281
299 1 36 2feee4 0 2feee4 1 1 297
300 1 36 2feee4 0 2feee4 1 1 299
301 1 36 2feee4 0 2feee4 1 1 300
302 1 36 2feee4 0 2feee4 1 1 301
303 1 2 202b8 0 202b8 1 0 268
304 1 35 2feee4 0 2feee4 1 1 296
305 1 10 202b8 0 202b8 1 0 270
306 1 36 2feee4 0 2feee4 1 1 302
307 1 35 2feee4 0 2feee4 1 1 304
308 1 4 202c9 0 202c9 1 1 273
309 1 36 2feee4 0 2feee4 1 1 306
310 1 35 2feee4 0 2feee4 1 1 307
311 1 38 2feee4 0 2feee4 1 1 295
312 1 38 2feee4 0 2feee4 1 1 311
313 1 38 2feee4 0 2feee4 1 1 312
314 1 35 2feee4 0 2feee4 1 1 310
315 1 36 2feee4 0 2feee4 1 1 309
316 1 3f 202c7 0 202c7 1 0 298
317 1 36 2feee4 0 2feee4 1 1 315
318 1 36 2feee4 0 2feee4 1 1 317
319 1 36 2feee4 0 2feee4 1 1 318
320 1 36 2feee4 0 2feee4 1 1 319
321 1 4 202b8 1 202b8 1 0 251
322 1 35 2feee4 0 2feee4 1 1 314
323 1 10 202b8 0 202b8 1 0 305
324 1 35 2feee4 0 2feee4 1 1 322
325 1 35 2feee4 0 2feee4 1 1 324
326 1 35 2feee4 0 2feee4 1 1 325
327 1 35 2feee4 0 2feee4 1 1 326
328 1 38 2feee4 0 2feee4 1 1 313
329 1 38 2feee4 0 2feee4 1 1 328
330 1 38 2feee4 0 2feee4 1 1 329
331 1 35 2feee4 0 2feee4 1 1 327
332 1 36 2feee4 0 2feee4 1 1 320
333 1 3f 202c7 0 202c7 1 0 316
334 1 36 2feee4 0 2feee4 1 1 332
335 1 36 2feee4 0 2feee4 1 1 334
336 1 36 2feee4 0 2feee4 1 1 335
337 1 36 2feee4 0 2feee4 1 1 336
338 1 3 202b8 0 202b8 1 0 198
339 1 35 2feee4 0 2feee4 1 1 331
340 1 11 202b8 0 202b8 1 0 288
341 1 36 2feee4 0 2feee4 1 1 337
342 1 35 2feee4 0 2feee4 1 1 339
343 1 4 202c9 0 202c9 1 1 308
344 1 36 2feee4 0 2feee4 1 1 341
345 1 35 2feee4 0 2feee4 1 1 342
346 1 38 2feee4 0 2feee4 1 1 330
347 1 38 2feee4 0 2feee4 1 1 346
348 1 38 2feee4 0 2feee4 1 1 347
349 1 35 2feee4 0 2feee4 1 1 345
350 1 36 2feee4 0 2feee4 1 1 344
351 2a 0 202c8 0 -1 0 0 0
352 1 36 2feee4 0 2feee4 1 1 350
353 1 36 2feee4 0 2feee4 1 1 352
354 1 36 2feee4 0 2feee4 1 1 353
355 1 36 2feee4 0 2feee4 1 1 354
356 1 5 202b8 0 202b8 1 0 286
357 1 35 2feee4 0 2feee4 1 1 349
358 1 11 202b8 0 202b8 1 0 340
359 1 35 2feee4 0 2feee4 1 1 357
360 1 35 2feee4 0 2feee4 1 1 359
361 1 35 2feee4 0 2feee4 1 1 360
362 1 35 2feee4 0 2feee4 1 1 361
363 1 38 2feee4 0 2feee4 1 1 348
364 1 38 2feee4 0 2feee4 1 1 363
365 1 38 2feee4 0 2feee4 1 1 364
366 1 35 2feee4 0 2feee4 1 1 362
367 1 36 2feee4 0 2feee4 1 1 355
368 1 0 202c8 0 202c8 1 0 351
369 1 36 2feee4 0 2feee4 1 1 367
370 1 36 2feee4 0 2feee4 1 1 369
371 1 36 2feee4 0 2feee4 1 1 370
372 1 36 2feee4 0 2feee4 1 1 371
373 1 2 202b8 0 202b8 1 0 303
374 1 35 2feee4 0 2feee4 1 1 366
375 1 11 202b8 0 202b8 1 0 358
376 1 36 2feee4 0 2feee4 1 1 372
377 1 35 2feee4 0 2feee4 1 1 374
378 2a 5 202c9 1 -1 0 0 0
379 1 36 2feee4 0 2feee4 1 1 376
380 1 35 2feee4 0 2feee4 1 1 377
381 1 38 2feee4 0 2feee4 1 1 365
382 1 38 2feee4 0 2feee4 1 1 381
383 1 38 2feee4 0 2feee4 1 1 382
384 1 35 2feee4 0 2feee4 1 1 380
385 1 36 2feee4 0 2feee4 1 1 379
386 1 0 202c8 0 202c8 1 0 368
387 1 36 2feee4 0 2feee4 1 1 385
388 1 36 2feee4 0 2feee4 1 1 387
389 1 36 2feee4 0 2feee4 1 1 388
390 1 36 2feee4 0 2feee4 1 1 389
391 1 5 202b8 0 202b8 1 0 356
392 1 35 2feee4 0 2feee4 1 1 384
393 1 11 202b8 0 202b8 1 0 375
394 1 35 2feee4 0 2feee4 1 1 392
395 1 35 2feee4 0 2feee4 1 1 394
396 1 35 2feee4 0 2feee4 1 1 395
397 1 35 2feee4 0 2feee4 1 1 396
398 1 38 2feee4 0 2feee4 1 1 383
399 1 38 2feee4 0 2feee4 1 1 398
400 1 38 2feee4 0 2feee4 1 1 399
401 1 35 2feee4 0 2feee4 1 1 397
402 1 36 2feee4 0 2feee4 1 1 390
403 1 0 202c8 0 202c8 1 0 386
404 1 36 2feee4 0 2feee4 1 1 402
405 1 36 2feee4 0 2feee4 1 1 404
406 1 36 2feee4 0 2feee4 1 1 405
407 1 36 2feee4 0 2feee4 1 1 406
408 1 2 202b8 0 202b8 1 0 373
409 1 35 2feee4 0 2feee4 1 1 401
410 1 11 202b8 0 202b8 1 0 393
411 1 36 2feee4 0 2feee4 1 1 407
412 1 35 2feee4 0 2feee4 1 1 409
413 1 5 202c9 1 202c9 1 1 378
414 1 36 2feee4 0 2feee4 1 1 411
415 1 35 2feee4 0 2feee4 1 1 412
416 1 38 2feee4 0 2feee4 1 1 400
417 1 38 2feee4 0 2feee4 1 1 416
418 1 38 2feee4 0 2feee4 1 1 417
419 1 35 2feee4 0 2feee4 1 1 415
420 1 36 2feee4 0 2feee4 1 1 414
421 1 0 202c8 0 202c8 1 0 403
422 1 36 2feee4 0 2feee4 1 1 420
423 1 36 2feee4 0 2feee4 1 1 422
424 1 36 2feee4 0 2feee4 1 1 423
425 1 36 2feee4 0 2feee4 1 1 424
426 1 4 202b8 1 202b8 1 0 321
427 1 35 2feee4 0 2feee4 1 1 419
428 1 11 202b8 0 202b8 1 0 410
429 1 35 2feee4 0 2feee4 1 1 427
430 1 35 2feee4 0 2feee4 1 1 429
431 1 35 2feee4 0 2feee4 1 1 430
432 1 35 2feee4 0 2feee4 1 1 431
433 1 38 2feee4 0 2feee4 1 1 418
434 1 38 2feee4 0 2feee4 1 1 433
435 1 38 2feee4 0 2feee4 1 1 434
436 1 35 2feee4 0 2feee4 1 1 432
437 1 36 2feee4 0 2feee4 1 1 425
438 1 0 202c8 0 202c8 1 0 421
439 1 36 2feee4 0 2feee4 1 1 437
440 1 36 2feee4 0 2feee4 1 1 439
441 1 36 2feee4 0 2feee4 1 1 440
442 1 36 2feee4 0 2feee4 1 1 441
443 1 2 202b8 0 202b8 1 0 408
444 1 35 2feee4 0 2feee4 1 1 436
445 1 11 202b8 0 202b8 1 0 428
446 1 36 2feee4 0 2feee4 1 1 442
447 1 35 2feee4 0 2feee4 1 1 444
448 1 5 202c9 1 202c9 1 1 413
449 1 36 2feee4 0 2feee4 1 1 446
450 1 35 2feee4 0 2feee4 1 1 447
451 1 38 2feee4 0 2feee4 1 1 435
452 1 38 2feee4 0 2feee4 1 1 451
453 1 38 2feee4 0 2feee4 1 1 452
454 1 35 2feee4 0 2feee4 1 1 450
455 1 36 2feee4 0 2feee4 1 1 449
456 1 0 202c8 0 202c8 1 0 438
457 1 36 2feee4 0 2feee4 1 1 455
458 1 36 2feee4 0 2feee4 1 1 457
459 1 36 2feee4 0 2feee4 1 1 458
460 1 36 2feee4 0 2feee4 1 1 459
461 1 5 202b8 0 202b8 1 0 391
462 1 35 2feee4 0 2feee4 1 1 454
463 1 11 202b8 0 202b8 1 0 445
464 1 35 2feee4 0 2feee4 1 1 462
465 1 35 2feee4 0 2feee4 1 1 464
466 1 35 2feee4 0 2feee4 1 1 465
467 1 35 2feee4 0 2feee4 1 1 466
468 1 38 2feee4 0 2feee4 1 1 453
469 1 38 2feee4 0 2feee4 1 1 468
470 1 38 2feee4 0 2feee4 1 1 469
471 1 35 2feee4 0 2feee4 1 1 467
472 1 36 2feee4 0 2feee4 1 1 460
473 1 0 202c8 0 202c8 1 0 456
474 1 36 2feee4 0 2feee4 1 1 472
475 1 36 2feee4 0 2feee4 1 1 474
476 1 36 2feee4 0 2feee4 1 1 475
477 1 36 2feee4 0 2feee4 1 1 476
478 1 2 202b8 0 202b8 1 0 443
479 1 35 2feee4 0 2feee4 1 1 471
480 1 11 202b8 0 202b8 1 0 463
481 1 36 2feee4 0 2feee4 1 1 477
482 1 35 2feee4 0 2feee4 1 1 479
483 1 5 202c9 1 202c9 1 1 448
484 1 36 2feee4 0 2feee4 1 1 481
485 1 35 2feee4 0 2feee4 1 1 482
486 1 38 2feee4 0 2feee4 1 1 470
487 1 38 2feee4 0 2feee4 1 1 486
488 1 38 2feee4 0 2feee4 1 1 487
489 1 35 2feee4 0 2feee4 1 1 485
490 1 36 2feee4 0 2feee4 1 1 484
491 2a 1 202c8 0 -1 0 0 0
492 1 36 2feee4 0 2feee4 1 1 490
493 1 36 2feee4 0 2feee4 1 1 492
494 1 36 2feee4 0 2feee4 1 1 493
495 1 36 2feee4 0 2feee4 1 1 494
496 1 4 202b8 1 202b8 1 0 426
497 1 35 2feee4 0 2feee4 1 1 489
498 1 11 202b8 0 202b8 1 0 480
499 1 35 2feee4 0 2feee4 1 1 497
500 1 35 2feee4 0 2feee4 1 1 499
